function [y] = setting_8_netFcn(x)

    % ===== NEURAL NETWORK CONSTANTS =====

    % Input 1
    x1_step1_xoffset = [-0.546222432578899;-0.278283336457388;0.136953065268718;-0.0423176851994168;-0.504851828064052;-0.342467454596575;-0.48693980375688;-0.487568869643796;-0.504298121748405;-0.51858893192512;-0.241799941760915;-0.244762298361332;-0.251603448279034;-0.252183771783471;0.0994292574971487;0.0959093173678229;0.0905839532303726;0.0816682558611628;0.297996629340036;0;0.0137973123867011];
    x1_step1_gain = [2.78943480072993;22.0819771721876;26.8218962076457;1.02183983466603;2.43379505694876;3.02345319780668;3.20617699236148;3.12556044240883;3.0421122730929;2.95362739220527;25.4749422479061;18.5988185917045;17.4804183496892;16.6770422477864;21.6138644167016;17.9603774696859;16.7153208100293;15.4490529942533;6.35050595350254;2.10600590737101;2.02798068299751];
    x1_step1_ymin = -1;

    % Layer 1
    b1 = [0.18669223690462355414;-0.22611364917685036757;-1.7543603098853521871;0.68659190589693108731;0.273845880006367004;-1.5877590888035817418;-1.273865875748579235;-0.79306815299364585847;-1.3154164696613230845;0.10379671900794901207];
    IW1_1 = [-0.30598725027594375625 -0.77166402740979389563 -0.17248845104145921203 -0.53267502652391296447 -0.85015708589154537211 -0.76063537746535447859 0.28022519763572090179 -0.067800801026751525424 -1.0078127620076315907 0.45600298256880034131 1.1882629392443584404 0.84062261181735109528 -0.83784284508499751176 0.051353892724417343763 -0.89534835477334673293 0.11159679930201781006 -0.52674112771563486035 1.3780989747286811475 1.5614160240945325064 -0.025377283915353310989 -0.038058482526168502247;-0.37914945658800280892 0.42671979536481535744 0.086940433464753164028 1.6548912092703527144 0.6035731977905710588 1.0715754549664546769 -0.12984488873835214884 -0.31794403310826235831 -0.050216970934075892685 0.69351839680289928403 -0.38880794359238912694 -0.11291211982033151628 -0.058136439676308430957 0.11054778911090465399 0.1366926064568815824 -0.12655484466743746608 -0.048455547643161879512 -0.18831235486528130618 -0.040398463162415659822 -0.39801681873709793269 1.6481897613211404785;0.9875339778252693046 -0.23319784131022366913 0.65817747680722338277 -1.8504192535842163281 0.33036793832816957472 0.34106775755512958037 -0.29678756482451273957 1.857186151400822105 1.0047532329464692324 -0.073699493964440407345 -0.27693809612624725736 0.43409760716973322392 0.26891016199185624469 -0.10735578556767519376 0.066940475725767611959 -0.65593329783191933746 -0.3131976141767068289 0.0079359006579445626195 -0.8045281229360631281 -0.053183711236303783665 -4.5776357143334225341;-0.37225553767035829411 1.4991258011822703455 -0.1300668629887783978 -1.7091498333576282675 0.65337178956156660714 -1.1485766746326693255 0.24882351715409573023 -0.64183171634004276829 -0.67370495093062077174 0.37624782885773100372 -0.50618150769597414218 -1.245786620440482162 0.13323273507715704955 -0.11957831670949793657 -0.24250665739498211693 0.18902311581032832377 0.95080277004237634397 -0.13423083236863847523 0.3578537913659405878 0.027015269422736149646 0.22738865356247991989;-1.2381947961127790503 0.58875672364733988573 -1.0470963579337839722 0.030701750065863717132 -0.13401471746887086423 -0.091341858739714495985 0.71959514442273686541 -0.10248884707251708359 -1.1356310662264452738 -0.18720056617646979591 -0.42896407838398176171 -0.088410915045765828268 -0.23120613618214280738 0.26254795517015250272 1.4800864684048515851 -0.12352653066518341773 0.092125961612123469235 -0.23601210124454935491 -0.47096197959563274038 -0.0055255750253925860552 1.5590686476337525246;-0.21190845593184468032 -0.48194340376650957047 -0.89943266362207052733 1.2475329434491175817 -0.4841385885102880704 0.57954975504220129778 -0.38672239044977962941 -0.09619633125479083724 -0.51878589185554224716 0.34508147806908595623 -0.88102273020102239709 1.0292472150355544969 -1.307946889245748423 1.57592814995202124 0.17872204413030867709 1.2805072189000008542 -0.73200916338051202903 0.12314535105965029871 -0.60069644155417878384 1.951848386916799738 0.464619022401382753;0.75592418554059392921 -0.33255474863189454782 0.089260406473490053192 1.3547389198220678441 0.28618754311559740922 0.6586371254994169977 0.97960844576815064855 0.43146008195901308646 0.51573790428267141106 0.24015570750266762579 0.20412966465013332451 -0.12324761257431858519 0.036239332207623313475 0.16338631781340767768 -0.29007335631412767274 0.62335580206476048915 -1.0855558473097659533 0.14602253258750100273 0.66861609642254438146 -0.13859351985197507218 2.3100896266684705083;0.45346068413904933037 0.033403775210360656112 0.62778994370688878668 -0.45391640515717068816 -0.52677833031823917409 0.72813534493308462725 -0.072548517750660540537 -0.71888774643736463865 -0.19481559102507262082 -0.7913715514734608325 0.55140504475841578547 0.72371433325538203629 0.61345338557670292534 0.33963931681502923521 0.16256022151099258632 -0.71780300589319312454 -0.55079391059464932745 -0.11402633570989004208 -0.50299183015234649741 0.79828527579533570258 0.62027330329587171409;-0.043337081089198981054 0.84320785709569023858 -0.56135901425404544085 0.3694052237610501721 0.18120832094545746838 -0.16150787088267629099 0.25777940676138805243 0.54627615065851675702 0.04879058655477246792 0.14166619217838874456 -0.35554197354135125275 -0.30881304212216342808 -0.45690824399965618285 0.063386929468741484706 0.77785506623076339228 0.03907718548079021359 0.19221222527359380083 -0.24958626570652575616 -0.074510953544038305285 -0.075906047014854372001 -1.8622330112833260785;-1.0361260307034485528 0.36889468257801155682 -0.089124357074859106298 -0.99937466272274499968 0.22038549082544531266 -1.5926429478654298144 1.4484642107580025794 0.13145283252921732831 0.42411733829484193903 -0.22295403771383029423 0.061166619017402674985 0.082090043442832244525 0.26859582071684157123 -0.029725647168709800477 -0.26904628735136854045 0.057610671403892338427 -0.08119337678665422553 0.062665713954329585467 -0.42422737619622152838 -0.09948712876981738451 -1.4295104420140056778];

    % Layer 2
    b2 = [0.42818294270312767802;0.013254122843337087789;-1.9632730082225728907;-0.32262456664904920478;-0.73193935550680666591];
    LW2_1 = [0.57163357222225941179 -0.24062677228323042788 0.027165317891491215507 0.030816610769247312906 -0.65897302589451356436 -0.6617699832475301136 -0.065878651653333078486 -0.3894084716466177376 0.47464488212487232488 -0.17548934624345050026;-0.063778976370814893793 -0.017948449371276070652 0.063276390066370757914 -0.034251407306441702949 0.30242524129647069264 -0.049746112390297088368 -0.12527166816875714983 -0.0025016016356192499401 -0.2420210480795723651 0.00042759644160879654515;-1.6988686746193459864 -1.0068131623105669448 -2.1989634071540464788 -0.49889425651533758632 -0.87517650249739253887 -0.39600131880575140109 -2.7122482896292487986 -0.96040171269782870223 -0.3455339750339078142 -0.57756990707552802178;0.45236934237947529214 0.42618470955181531057 0.7536025588848518364 -1.1762533699653427988 0.47085683464328587089 0.064661519856747964874 0.53597990419931818007 0.5168468842630733473 -0.80988399438824210108 -0.59016647600036020727;-0.065560710572403077534 0.05434429848125188478 0.46825855262261995016 0.057777846780827459006 0.55717136006578360519 0.13906254201549134164 0.45791837142223434931 -0.19688270122315881805 0.24223369367508179595 -0.069462850277523038867];

    % Layer 3
    b3 = [1.1017955428891743619;0.35194362998163220002;0.11445070334135759582];
    LW3_2 = [-2.3588979207550790917 -8.5104184508142726173 0.15359855883737547066 0.14347546110577646949 -1.022010967513643509;-1.7256259128891213717 -3.2264997169411411271 -0.33566759826783565401 -0.46706215809782292148 1.2126299370979263248;-0.20944704813996437021 0.17276097190698883055 -0.94075523878519340393 1.3359253009935143641 -2.0415419705976778353];
